0 -0.060581307581125 -0.168560345081384 0.983827889032328 0.995089705827552 0.067090163786301 0.072769411700001 -0.078271211360231 0.983405470794815 0.163668254353219 4.730221168113452 0.502844002456954 -1.724922046660001
2 -0.036351952533702 0.179244219417908 -0.983132770968526 0.997769335195246 -0.048608576427356 -0.045755437291570 -0.055990082077314 -0.982603030782508 -0.177077368983178 1.643301169897186 -0.310058057829417 -1.740091507032449
4 0.101013067197069 0.156102199556517 0.982562193221914 -0.994049009478201 -0.024644848276226 0.106109369090808 0.040779002082539 -0.987433407753181 0.152683785131536 3.563281381247258 0.461852022664803 -1.893706779599210
5 0.151913535029508 0.084879787633422 -0.984742453398930 -0.017442822141585 -0.995920406619055 -0.088534126953818 -0.988239862498258 0.030626219666212 -0.149813246538421 3.553212369734101 0.432656747400989 -1.907090972976466
6 0.189455287774423 -0.085836867210503 0.978130219429804 -0.075449090990537 0.991953582653454 0.101663781799019 -0.978986276003404 -0.093059776963323 0.181454537855972 3.871387262607484 0.394221330977643 -3.136626350973134
7 -0.047755895917091 0.983809946793082 0.172734950129236 0.995773825963897 0.060472545179838 -0.069119887186645 -0.078446554611265 0.168704060029586 -0.982540115312935 1.442314924224509 -0.026812224449699 -1.667247796927858
8 0.242259718116086 -0.045360310351780 0.969150489461314 -0.057793867615437 0.996457959513243 0.061085217432313 -0.968488563610518 -0.070809442643575 0.238780076614743 1.245254414083612 0.056680740322710 -1.901060494449865
9 -0.963519515223040 0.084658655341790 -0.253895757861525 -0.096163508559198 -0.994810825508508 0.033226511593391 -0.249765336678137 0.056429899227278 0.966660717660160 -0.201227584480662 0.921414292452423 1.463293907253123
10 -0.152533351374260 0.055799340633462 0.986721850524963 0.141897889817876 -0.986823894258660 0.077740533735037 0.978058569608063 0.151871772574911 0.142605747118354 4.930103089954105 0.447182905987640 -2.919316072682854
12 -0.044239194544172 0.972250896459354 0.229719585582216 0.996525072774656 0.059190179074750 -0.058602918293937 -0.070573883254004 0.226328780836820 -0.971490921196574 4.740058593495645 0.025844579036205 -5.345759353348283
13 -0.089024433057319 0.180696340736480 -0.979501650209569 0.988111137317512 -0.107732993374059 -0.109681276650844 -0.125343650130020 -0.977620803063801 -0.168957198097542 3.382979041569456 0.473544241280935 -0.835626087584706
14 0.081604316628308 -0.163513595677396 -0.983160230855722 -0.985890479332580 0.131411773098731 -0.103686588585138 0.146152996099987 0.977749584464088 -0.150482729279146 3.770502632630096 0.372488369842846 -3.131884450322484
15 0.128838320111183 -0.225444391184760 -0.965699494539715 -0.990550681992148 0.016907738287163 -0.136100972777210 0.047010995265135 0.974109313613901 -0.221135730841572 1.833254628889649 -0.374465819665372 -3.003841421385917
16 -0.054649523397480 0.200247508798949 -0.978219998166181 0.993737432477206 -0.084719929026540 -0.072859103201645 -0.097464582726436 -0.976075544640656 -0.194363541510255 -0.275761668989734 -0.015671339237197 -1.899405709657086
17 0.250233736482920 0.081078844464160 -0.964784586374675 -0.036912354229794 -0.994963969723111 -0.093188932057638 -0.967481552915099 0.058931485075342 -0.245980740782289 0.034188468541858 -0.150673625243630 -3.580896303423255
18 -0.053974342958599 -0.275918094537607 0.959664511904511 0.997572803562308 0.027440888355128 0.063996087686027 -0.043991725301740 0.960789364404611 0.273767283202282 1.536181058406292 -0.038939606064104 -3.385776922082816
20 0.167177449403620 -0.056081188321305 0.984330534285801 -0.070633173564430 0.995134277791524 0.068692968756330 -0.983393438661819 -0.081010304781623 0.162402818066902 4.565389092140874 0.581426992158657 -0.750316438724249
