0 -0.003977909862232 -0.171789305398543 0.985125682734855 0.999875188013568 0.014379539155167 0.006545017075302 -0.015290017264834 0.985028762729480 0.171710663523469 4.576303629684717 0.550569031733662 -1.789310431397363
2 -0.010921173669173 0.178102644720664 -0.983951307692201 0.998995373885048 0.044713249002120 -0.002994715336553 0.043462293105178 -0.982995510318933 -0.178412039310301 1.557065557597309 0.070427809521811 -1.912443668970805
4 0.029290910234597 0.183193314261575 0.982640449089843 -0.997705876773237 0.065383170869468 0.017550624467536 -0.061032991322524 -0.980900224577869 0.184688178813130 3.523970171284584 0.732932291019043 -1.957269013475839
5 0.172035176649797 0.036279803733807 -0.984422507786220 0.069003919161423 -0.997310671238345 -0.024695833140148 -0.982671032001777 -0.063680459131187 -0.174075966145256 3.454908644761049 0.701338009502820 -1.941663449427899
6 0.187467265630120 -0.017043098607893 0.982122984715768 0.023973900767849 0.999631011401591 0.012770791917693 -0.981978246398126 0.021151213536659 0.187806681901330 3.771357591022044 0.816412624233864 -3.070408619945764
7 -0.058645719603770 0.985097700071791 0.161688592316909 0.998215542215943 0.056043517280736 0.020612021961338 0.011243258010333 0.162608872710167 -0.986626547212897 1.424519018396112 0.311337070613193 -1.729970920026002
8 0.258547714152029 -0.029279048106749 0.965554667975213 0.070988329854664 0.997413854940390 0.011236502898894 -0.963386597649773 0.065637941123364 0.259957542983234 1.285643842253469 0.508604245174176 -1.906619593574016
9 -0.974140489289974 0.064935484474455 -0.216410928517852 -0.066395890837900 -0.997793220950682 -0.000523359059822 -0.215967341988859 0.013858971135390 0.976302225805788 -0.137606792848867 0.914712585455909 1.472550254392935
10 -0.204225011012586 0.022925659311784 0.978655485358371 0.046024851947107 -0.998395316277274 0.032992505798279 0.977841427778633 0.051780368680830 0.202842144386026 4.771455344894208 0.649868021705429 -2.845642222026610
12 -0.051330777406335 0.976163933773782 0.210877039267335 0.992147226538966 0.025729533219176 0.122400457480195 0.114057144282587 0.215503980287185 -0.969819056483467 4.728239787421336 0.636224323895000 -5.254522053151591
13 -0.034832176663443 0.193486745375497 -0.980484369499527 0.999064374641873 -0.018422692390687 -0.039127736026010 -0.025633860230751 -0.980929907673874 -0.192664011794094 3.265168957218363 0.658404812639707 -0.904660548409397
14 -0.067413390303373 -0.086883215924234 -0.993934978556680 -0.997589932635444 -0.010529668222627 0.068581720534930 -0.016424405992757 0.996162854596468 -0.085963980887350 3.603778708427546 0.662103741260140 -3.152399842427501
15 0.017960146593827 -0.217593862813938 -0.975874143524685 -0.997929120021658 -0.064195414072668 -0.004052187660740 -0.061764913560430 0.973926003183891 -0.218296211087424 1.684831835070302 0.130190604419226 -3.071521938440453
16 -0.050920116998175 0.174799219243020 -0.983286517062511 0.998276947791976 0.037655250757316 -0.045002417685502 0.029159512890803 -0.983883791431912 -0.176415440836500 -0.282199085306421 0.425695359232739 -1.919711717514311
17 0.218011432537734 0.074134085653466 -0.973126483365431 0.095719323292450 -0.993927604891669 -0.054274555573903 -0.971240869419775 -0.081314534854685 -0.223783645492885 0.133102259808862 0.579674253244722 -3.509350534452730
18 -0.035335171293395 -0.301818924078159 0.952710219708999 0.994817977551394 -0.101562270277068 0.004721948403095 0.095334239443236 0.947940104819113 0.303843611855358 1.629081870248556 0.651455319905641 -3.281956857227495
20 0.179181587872268 -0.003824159405530 0.983808586246539 0.008050134165427 0.999964666947226 0.002420784385552 -0.983783082751219 0.007486031122284 0.179206041836052 4.448503448055693 0.675161449788754 -0.777302523849220
