0 -0.018615707485388 -0.286552419078326 0.957883691559251 0.993223413371132 -0.115226693021949 -0.015167740326833 0.114720122760635 0.951110151525881 0.286755598198535 5.036141351020539 0.871608433914396 -1.257826025617446
2 -0.045251262497444 0.267252504263658 -0.962563463989357 0.989939125714221 0.141305200883115 -0.007305312008778 0.134062860712990 -0.953209808577412 -0.270957949153118 1.994185780909700 0.309964825948011 -1.791596619448968
4 0.061014874798983 0.272444975972289 0.960234825509220 -0.980249348711743 0.197668259014762 0.006202719425962 -0.188118046458782 -0.941648020464936 0.279124714332142 3.929364414656964 1.115614140354976 -1.586717258793799
5 0.269959626904913 0.049756482319517 -0.961585197633859 0.161637886179684 -0.986833767977601 -0.005684024146132 -0.949207560859438 -0.153894141689402 -0.274447808446267 3.891738195067814 0.910422265242318 -1.578720520624877
6 0.261108804447016 -0.086474445821558 0.961428292937182 0.190794153552251 0.980954438772277 0.036414008612713 -0.946266232732908 0.173926879098147 0.272634659419247 4.194886142795097 1.619473954471300 -2.815833503111658
7 -0.046720404482365 0.970156316293312 0.237936810437552 0.992741148853122 0.018668445430122 0.118812880274009 0.110825155893360 0.241760648372339 -0.963986293325688 1.664161424312911 0.608802927943580 -1.712390671435627
8 0.283275749877701 -0.048822399613467 0.957794979537484 0.189135626871626 0.981933335008434 -0.005885596579139 -0.940203469563426 0.182820400653751 0.287391956960696 1.409026802087624 0.938496379940667 -1.893295894160203
9 -0.966246207237482 0.083915807363348 -0.243570121882259 -0.087947634969397 -0.996108756950830 0.005705946824334 -0.242143512203963 0.026934765646464 0.969866505193936 -0.203552326242594 0.923886767259025 1.464079467803783
10 -0.272029122806730 -0.007821342384330 0.962257233253306 -0.042400471500769 -0.998898372920574 -0.020105735329521 0.961354438467683 -0.046269505940039 0.271397819553789 5.374882186545094 1.145903649160152 -2.392632573557869
12 -0.006330451341810 0.938997338947812 0.343866140866962 0.993180321483995 -0.034129281421250 0.111481124710048 0.116416383738532 0.342226810169217 -0.932377625213435 5.420127724280810 1.096210124332352 -4.837543059609620
13 -0.042539293950014 0.284672840688880 -0.957680417594699 0.995858875800023 0.089166948456133 -0.017730053393456 0.080346175768034 -0.954468767994608 -0.287287074130228 3.616208136540799 0.695284839716058 -0.553590919267208
14 0.010769229817022 -0.272731693371506 -0.962029857707056 -0.998589811822405 -0.052949964909650 0.003832615368203 -0.051984722887037 0.960631940259524 -0.272917320702773 4.218881033165948 1.080570715720669 -2.718131018547376
15 0.091832442029102 -0.290322177815485 -0.952512380843129 -0.970236151479265 -0.241334786528379 -0.019983272354797 -0.224072784946490 0.925997059325663 -0.303843435286248 2.195120117808349 0.855231167368880 -3.026249544597508
16 -0.058098197806174 0.237526932433002 -0.969641972988299 0.986253787225050 0.164155283939985 -0.018881470780326 0.154686995561747 -0.957410047536347 -0.243798962837271 -0.109994652515575 0.852494880718419 -1.977590993958867
17 0.295814638904789 0.081726419758814 -0.951742870592176 0.217236813748287 -0.975983030228275 -0.016287770225685 -0.930216031985109 -0.201935427847218 -0.306464054691638 0.306712087983090 1.246774404571131 -3.542716067198014
18 -0.044295994261395 -0.308374228751967 0.950233234492471 0.974374617972396 -0.223299528117196 -0.027044862613536 0.220526571513598 0.924685165764147 0.310363295948782 1.801653543879821 1.290924593916890 -3.262040102868671
20 0.270398989615276 -0.013086762242515 0.962659401381946 0.117031528352267 0.992939201584386 -0.019374295561236 -0.955608710606266 0.117900290970673 0.270021320644241 4.817994007631837 0.760909914959407 -0.334573661471884
