2 0.006409197435208 0.066425768440392 -0.997770785037996 0.998964409064877 -0.045371517647944 0.003396293271146 -0.045044773391570 -0.996759270171803 -0.066647773531277 1.469889724244450 -1.425133870657451 -2.464471441115687
3 0.060199120679891 -0.022982180611617 0.997921783129170 -0.093869574249657 0.995174155007068 0.028581536630431 -0.993762833325717 -0.095395076289626 0.057751281545438 3.373815403783845 -0.776507155687032 -1.789287085011898
4 0.021089819410536 0.046278243777749 0.998705934532322 -0.999610405210387 -0.017291117454589 0.021910158655240 0.018282705280050 -0.998778925193167 0.045895547470577 3.425975700719546 -0.833792622019088 -2.864988116698952
6 0.016235020865522 -0.029276423216080 0.999439500490735 -0.082453427058266 0.996127519868874 0.030518789724254 -0.996462671886832 -0.082902685140826 0.013758209643618 3.476003741523087 -0.894930299959243 -4.098712141451527
7 0.006068614113472 0.998724836136606 0.050118595417783 0.997915594712201 -0.002828392390991 -0.064470660200416 -0.064246694490353 0.050405375510875 -0.996660253229089 1.222224984470073 -1.078602485729126 -2.411346077368121
8 0.062144618131193 0.059894495665443 0.996268385439541 -0.067788575353403 0.996145984430171 -0.055658662894480 -0.995762399113807 -0.064076728167311 0.065965274338005 0.987884049235280 -1.024277830891409 -2.513445609123844
9 -0.998875381838734 0.002105054107787 -0.047366024782828 -0.003737100217340 -0.999401366858015 0.034393923944460 -0.047265268839707 0.034532255494465 0.998285288728616 0.163061731085921 -0.123292731247443 0.958026856371192
15 0.002132127194639 -0.019149694431562 -0.999814354386255 -0.998532781121616 0.054058016863358 -0.003164780929576 0.054108585817384 0.998354155606105 -0.019006339070534 1.514736259672940 -1.486988456547796 -3.707605282584526
16 0.009800391665844 0.044528055261879 -0.998960061572929 0.997014397346742 -0.076954238591543 0.006351113769107 -0.076591408176820 -0.996039807165050 -0.045149293860488 -0.526204244576128 -0.975897356233681 -2.252763170490800
17 0.051735081257928 -0.008640697486194 -0.998623462429252 -0.046407598700169 -0.998903103822188 0.006238906737934 -0.997581984676006 0.046020946549943 -0.052079327266466 -0.476622984969209 -1.067991733209221 -3.861513848516126
18 0.011095651879565 -0.073378209817900 0.997242460404333 0.999445616484320 0.032121347075534 -0.008756640470548 -0.031390224587359 0.996786766257445 0.073693937433020 1.058709167923170 -1.094961898073105 -3.918965549983533
