0 -0.098889784268763 -0.149857103869090 0.983749794910904 0.978408934041037 0.165656344985161 0.123587754874171 -0.181484898423968 0.974731154619634 0.130239809036699 4.495341445302296 0.227049673347090 -1.954657535497248
2 -0.071720061776777 0.125727465664971 -0.989468967232525 0.988213473890227 -0.125552543798512 -0.087582468379994 -0.135241867631829 -0.984087985458204 -0.115240939410734 1.481652015312665 -0.640235185975499 -1.860391584751617
4 0.081485291048577 0.117877920951763 0.989679212217180 -0.990339594039510 -0.102202782627590 0.093712751004527 0.112194633652361 -0.987754720047071 0.108411148893207 3.387499389703295 0.121397717416297 -2.174980981612973
5 0.139423271998399 0.126452192813542 -0.982125752721060 -0.108260747920351 -0.983921136793061 -0.142052127867122 -0.984297090153673 0.126131041002989 -0.123491695309911 3.333807963836733 0.107782523580872 -2.128408530963902
6 0.175148246516742 -0.109321546940564 0.978453826767841 -0.141843388616319 0.980646220095447 0.134957193651738 -0.974270775938574 -0.162424722216278 0.156251927236161 3.584242098567513 -0.081026735217667 -3.363219079489248
7 -0.072774746447398 0.987905648991958 0.136917000293226 0.988775874401791 0.089426742731928 -0.119687626283303 -0.130484123480563 0.126669990029746 -0.983325280436425 1.360851640730497 -0.164921848662694 -1.726855682952248
8 0.189197830182441 -0.045966417171112 0.980862513070363 -0.172576525051255 0.981798909126133 0.079298455470260 -0.966654811220370 -0.184276939770517 0.177821498737705 1.082429740668435 -0.341731793389493 -1.864050746257039
9 -0.975456191978081 0.070810745680368 -0.208497136258059 -0.093621146248276 -0.990406033117805 0.101641382020376 -0.199299519584920 0.118666456338947 0.972727080754503 -0.134085128345586 0.955074395694108 1.423071434878729
10 -0.236939850239453 0.110731189586099 0.965193302412192 0.228774849808429 -0.959186492889333 0.166202707420166 0.944204202206089 0.260191997400976 0.201936992710236 4.692638943341405 0.112140881403342 -3.057060025428769
12 -0.096988660146809 0.970285863626242 0.221672151273009 0.983474052969629 0.127641234273353 -0.128399775890251 -0.152878994431605 0.205555486816217 -0.966630723131295 4.439325385315875 -0.509703810648201 -5.394819804202111
13 -0.109028598361285 0.144296463946353 -0.983509682327506 0.972639207331641 -0.188706336141572 -0.135509745263210 -0.205148085783537 -0.971374515412363 -0.119774010982130 3.223945117645640 0.217742070901712 -1.092047703894770
14 0.112002878130909 -0.154577287055988 -0.981611541098007 -0.962069562602638 0.230411770546087 -0.146056744819901 0.248751908543354 0.960737361780121 -0.122907321489856 3.501513635463614 -0.055236757067666 -3.282941716968883
15 0.096696362041794 -0.162349288688070 -0.981983972389753 -0.988636684917031 0.098423487021117 -0.113623599832370 0.115096997372410 0.981812367850946 -0.150987269432801 1.531977621493001 -0.783870111235374 -3.077428854364899
16 -0.033685644889573 0.142510676468834 -0.989219886789974 0.983481760887690 -0.171401201353221 -0.058182937154470 -0.177845166731126 -0.974839645924943 -0.134382891036434 -0.384659425783702 -0.315909051791653 -1.812929349991119
17 0.186075740768071 0.071498152910497 -0.979930524490385 -0.153797815174151 -0.982934931514279 -0.100921516321730 -0.970423644984638 0.169490219598084 -0.171904085801710 -0.203589705515497 -0.700681012962134 -3.399831901096963
18 -0.044971199803893 -0.222528140627550 0.973888503791396 0.985949622427479 0.147105577634654 0.079140956930578 -0.160875520895229 0.963764066386385 0.212786021907147 1.305636200124680 -0.597298399965318 -3.313827521762470
20 0.123609310564569 -0.094202770258681 0.987849470525414 -0.163565360618204 0.979933566632101 0.113914783033312 -0.978757943082757 -0.175658882676852 0.105720602481878 4.363964822394339 0.388079532274919 -1.036610136204097
