%YAML:1.0

#============================================================================================
# ORB Feature Extractor
#============================================================================================
ORBextractor.nFeatures: 2000
ORBextractor.scaleFactor: 1.2
ORBextractor.nLevels: 8
ORBextractor.iniThFAST: 15
ORBextractor.minThFAST: 7

#============================================================================================
# Camera 1 (Left) Intrinsics - 请用你的真实数据填充
#============================================================================================
Camera1.fx: 1162.5434300524314
Camera1.fy: 1161.839362615319
Camera1.cx: 660.6393183718625
Camera1.cy: 386.1663300322095
Camera1.k1: 0.0
Camera1.k2: 0.0
Camera1.k3: 0.0
Camera1.k4: 0.0

#============================================================================================
# Camera 2 (Right) Intrinsics - 请用你的真实数据填充
#============================================================================================
Camera2.fx: 1117.6323506068802
Camera2.fy: 1117.7869841866946
Camera2.cx: 651.5077968038518
Camera2.cy: 384.16693082597965
Camera2.k1: 0.0
Camera2.k2: 0.0
Camera2.k3: 0.0
Camera2.k4: 0.0

#============================================================================================
# Extrinsics: T_c1_c2 (Transformation from Camera 2 to Camera 1)
# 将 c2 坐标系下的点变换到 c1 坐标系下 - 请用你的真实数据填充
#============================================================================================
Camera.T_c1_c2: !!opencv-matrix
  rows: 4
  cols: 4
  dt: f
  #data: 
  #[ -0.999758418122260, 0.0219787690467545, 0.000197749487396866, -0.0259679391328113,
          #0.0219787966802126, 0.999599072087431, 0.0178501422523740, 0.000866766149547142,
          #0.000194653949908653, 0.0178501762772680, -0.999840653962772, -0.146129615785135,
          #0., 0., 0., 1. ]
  # data: [ 0.05827689592239514,  -0.9974167069557148,   -0.04211631425991913, -0.17807395591249005 ,
  #        -0.9982968203683859,   -0.05812202155279911,  -0.0041048253518281125, -0.0014740943428773006 ,
  #        -0.0035682138435278665, 0.042160897087652216, -0.9991049668283794, 0.009965362440497398 ,
  #         0,                     0,                     0,                    1 ]
  # data: [ 0.05827689592239514, -0.9982968203683859, -0.0035682138435278665, 0.17841875967345837 ,
  #       -0.9974167069557148,  -0.05812202155279911, 0.042160897087652216, -0.02138339105467908 ,
  #       -0.04211631425991913, -0.0041048253518281125, -0.9991049668283794, 0.004580724060089104 ,
  #        0,                    0,                    0,                    1 ]
  data: [  0.00183596893834342, 0.999825656567742, 0.0185818644635396, -0.0937573618558837 ,
          -0.999998101034457, 0.00184779602437340, -0.000619336202418756, -0.0553810086883854 ,
          -0.000653563720500602, -0.0185806920951892, 0.999827150429377, 0.00681629988673992 ,
           0,                    0,                    0,                    1 ]



